1
1
2
3
5
8
13
21
34
55
89
144
233
377
610
987
1597
2584
4181
6765
10946
17711
28657
46368
75025
121393
196418
317811
514229
832040
1346269
2178309
3524578
5702887
9227465
14930352
24157816
39088168
63245984
102334152
165580128
267914272
433494400
701408640
1134903040
1836311680
2971214848
4807526400
7778741248
12586267648
20365008896
32951275520
53316284416
86267559936
139583848448
225851408384
365435256832
591286632448
956721922048
1548008554496
2504730345472
4052738899968
6557469245440
10610208145408
