0.200
0.939
0.809
0.689
0.270
0.621
0.125
0.264
0.495
0.306
00.469
00.383
00.770
00.671
00.253
00.507
00.217
00.525
00.572
00.021
0841
089
0820
0122
0744
0797
0361
0259
019
0435
0692.047
0384.714
0988.387
0221.516
0712.368
0355.144
0474.429
0918.090
0835.450
0323.724
0353.307
0960.799
0782.179
0238.715
0504.077
0517.143
0836.808
0150.449
0324.068
0349.014
0351.384
017.454
0897.642
048.416
0711.745
0416.331
0946.349
0402.771
0574.834
0317.116
0694.176
0114.248
0431.683
0101.892
0506.847
024.242
0863.343
0264.422
0246.307
0545.980
08.906
0858.554
0962.089
0588.031
0608.048
0177.642
08.496
0460.306
0389.309
0321.169
