0.2
0.939
0.0809
0.689
0.2070
0.621
0.125
0.264
0.495
0.0306
0.469
0.383
0.7070
0.671
0.253
0.0507
0.217
0.525
0.572
00.021
841
89
8020
122
744
797
361
259
19
435
6920.047
384.714
988.387
221.516
712.368
355.144
474.429
9180.0090
835.4050
323.724
353.0307
9060.799
782.179
238.715
05040.077
517.143
836.0808
1050.449
3240.068
3490.014
351.384
17.454
897.642
48.416
711.745
416.331
946.349
0402.771
574.834
317.116
694.176
114.248
431.683
0101.892
0506.847
24.242
863.343
264.422
246.0307
545.9080
8.0906
858.554
9620.089
5880.031
06080.048
177.642
8.496
4060.0306
389.0309
321.169
